(0,0): NA
(0,1): NA
(0,2): NA
(0,3): NA
(0,4): NA
(0,5): NA
(0,6): NA
(0,7): NA
(0,8): NA
(0,9): NA
(1,0): NA
(1,1): NA
(1,2): NA
(1,3): NA
(1,4): NA
(1,5): NA
(1,6): NA
(1,7): NA
(1,8): NA
(1,9): NA
(2,0): NA
(2,1): NA
(2,2): NA
(2,3): NA
(2,4): NA
(2,5): NA
(2,6): NA
(2,7): NA
(2,8): NA
(2,9): NA
(3,0): NA
(3,1): NA
(3,2): NA
(3,3): NA
(3,4): NA
(3,5): NA
(3,6): NA
(3,7): NA
(3,8): NA
(3,9): NA
(4,0): NA
(4,1): NA
(4,2): NA
(4,3): NA
(4,4): NA
(4,5): NA
(4,6): NA
(4,7): NA
(4,8): NA
(4,9): NA
(5,0): NA
(5,1): NA
(5,2): NA
(5,3): NA
(5,4): NA
(5,5): NA
(5,6): NA
(5,7): NA
(5,8): NA
(5,9): NA
(6,0): NA
(6,1): NA
(6,2): NA
(6,3): NA
(6,4): NA
(6,5): NA
(6,6): NA
(6,7): NA
(6,8): NA
(6,9): NA
(7,0): NA
(7,1): NA
(7,2): NA
(7,3): NA
(7,4): NA
(7,5): NA
(7,6): NA
(7,7): NA
(7,8): NA
(7,9): NA
(8,0): NA
(8,1): NA
(8,2): NA
(8,3): NA
(8,4): NA
(8,5): NA
(8,6): NA
(8,7): NA
(8,8): NA
(8,9): NA
(9,0): NA
(9,1): NA
(9,2): NA
(9,3): NA
(9,4): NA
(9,5): NA
(9,6): NA
(9,7): {'u': 0.0, 'r': 0.0, 'd': 0.0, 'l': 0.0}
(9,8): NA
(9,9): NA
